4294967278,359
24,7
4294967278,358
4294967279,555
4294967278,357
4294967279,554
4294967278,356
24,6
24,5
4294967279,553
24,4
24,3
24,2
24,1
24,0
4294967278,355
4294967278,354
4294967279,552
4294967279,551
4294967279,550
4294967278,353
4294967278,352
23,5
23,4
23,3
23,2
23,1
23,0
4294967279,549
4294967278,351
4294967279,548
22,4
22,3
22,2
22,1
22,0
4294967278,350
4294967279,547
21,4
21,3
21,2
21,1
21,0
4294967278,349
4294967278,348
4294967279,546
4294967278,347
4294967278,346
4294967279,545
4294967279,544
20,5
20,4
20,3
20,2
20,1
20,0
4294967279,543
4294967278,345
4294967279,542
4294967278,344
4294967279,541
4294967279,540
19,6
4294967279,539
4294967279,538
4294967278,343
4294967279,537
4294967278,342
4294967279,536
19,5
19,4
19,3
19,2
19,1
19,0
4294967278,341
4294967278,340
4294967279,535
18,6
4294967279,534
4294967278,339
4294967279,533
4294967278,338
4294967279,532
4294967278,337
18,5
18,4
18,3
18,2
18,1
18,0
4294967278,336
4294967278,335
17,4
17,3
17,2
17,1
17,0
4294967278,334
16,4
16,3
16,2
16,1
16,0
15,4
15,3
15,2
15,1
15,0
14,4
14,3
14,2
14,1
14,0
13,4
13,3
13,2
13,1
13,0
4294967278,333
4294967294,909
4294967278,332
4294967279,531
4294967279,530
4294967294,828
4294967278,331
4294967279,529
4294967278,330
4294967279,528
4294967278,329
4294967278,328
4294967279,527
4294967279,526
4294967278,327
4294967278,326
4294967278,325
4294967279,525
4294967278,324
4294967279,524
12,5
12,4
12,3
12,2
12,1
12,0
4294967278,323
4294967279,523
4294967278,322
4294967278,321
4294967279,522
4294967278,320
4294967279,521
4294967278,319
4294967279,520
4294967278,318
4294967279,519
4294967278,317
4294967279,518
4294967279,517
4294967278,316
11,4
4294967279,516
11,3
11,2
11,1
11,0
4294967279,515
4294967278,315
4294967279,514
4294967279,513
4294967279,512
4294967279,319
4294967279,318
4294967278,314
4294967278,313
10,4
10,3
10,2
10,1
10,0
4294967279,317
4294967279,316
4294967278,312
4294967278,311
4294967279,315
4294967279,314
4294967278,310
4294967279,313
4294967278,309
4294967279,312
4294967278,308
4294967279,311
4294967278,307
4294967279,310
4294967278,306
4294967278,305
4294967279,309
4294967278,304
4294967279,308
4294967278,303
4294967279,307
4294967278,302
9,5
9,4
9,3
9,2
9,1
9,0
4294967278,301
4294967278,300
4294967279,306
4294967278,299
4294967279,305
4294967278,298
4294967279,304
4294967278,297
4294967279,303
4294967278,296
4294967279,302
4294967279,301
8,6
4294967279,300
4294967278,295
4294967279,299
4294967278,294
4294967279,298
4294967278,293
8,5
8,4
8,3
8,2
8,1
8,0
4294967279,297
4294967278,292
4294967279,296
4294967278,291
4294967279,295
4294967278,290
4294967279,294
4294967279,293
7,6
4294967279,292
4294967278,289
4294967279,291
4294967278,288
4294967279,290
4294967278,287
4294967279,289
7,5
7,4
7,3
7,2
7,1
7,0
4294967279,288
4294967279,287
4294967278,286
4294967279,286
4294967279,285
4294967278,285
4294967278,284
4294967279,284
6,4
6,3
6,2
6,1
6,0
4294967278,283
4294967279,283
5,4
5,3
5,2
5,1
5,0
4294967279,282
4,4
4,3
4,2
4,1
4,0
4294967279,281
3,4
3,3
3,2
3,1
3,0
4294967279,280
4294967294,1143
4294967279,279
2,4
4294967278,282
2,3
2,2
2,1
2,0
4294967278,276
4294967279,277
4294967293,131
4294967293,130
4294967293,129
4294967293,128
4294967293,127
4294967293,126
4294967293,125
4294967293,124
4294967293,123
4294967293,122
4294967293,121
4294967293,120
4294967293,119
4294967293,118
4294967293,117
4294967293,116
4294967293,115
4294967293,114
4294967293,113
4294967293,112
4294967293,111
4294967293,110
4294967293,109
4294967293,108
4294967293,107
4294967293,106
4294967293,105
4294967293,104
4294967293,103
4294967293,102
4294967293,101
4294967293,100
